6 236 169
7 228 169
9 220 169
10 212 169
11 204 169
12 196 169
13 188 169
21 148 169
22 164 169
23 172 169
24 156 169
25 140 169
26 132 169
27 124 169
31 104 169
36 56 169
49 40 169
50 32 169
32 90 165
35 64 165
8 228 161
14 196 161
28 116 161
30 104 161
37 56 161
48 40 161
51 32 161
4 256 157
5 246 157
33 80 157
34 64 157
29 104 153
38 56 153
47 40 153
52 32 153
15 188 145
16 172 145
17 164 145
18 156 145
19 148 145
20 140 145
39 56 145
46 40 145
53 32 145
124 104 145
125 116 145
126 124 145
127 132 145
270 196 145
271 204 145
272 212 145
273 220 145
274 228 145
275 236 145
3 256 141
276 246 141
40 56 137
45 40 137
54 32 137
123 104 137
128 132 137
129 140 137
130 148 137
131 156 137
132 164 137
2 270 133
279 280 133
280 280 133
1 288 129
41 56 129
44 40 129
55 32 129
122 104 129
278 260 129
133 172 125
153 124 125
259 228 125
260 220 125
269 180 125
277 252 125
42 56 121
43 40 121
56 32 121
121 104 121
134 172 117
154 124 117
258 228 117
261 212 117
268 180 117
57 32 113
58 40 113
59 56 113
120 104 113
67 16 109
68 8 109
135 172 109
152 124 109
241 288 109
242 280 109
247 260 109
257 228 109
262 204 109
267 180 109
60 56 105
119 104 105
136 172 101
155 124 101
240 284 101
243 276 101
248 252 101
255 236 101
256 228 101
263 196 101
266 180 101
61 48 99
62 40 99
63 32 97
66 16 97
69 8 97
117 56 97
118 104 97
246 268 97
137 172 93
151 124 93
239 284 93
244 276 93
249 260 93
253 228 93
254 236 93
264 188 93
265 180 93
64 32 89
65 24 89
70 8 89
116 56 89
156 104 89
138 172 85
139 180 85
149 148 85
150 124 85
238 284 85
245 276 85
250 260 85
251 236 85
252 228 85
85 40 83
115 48 83
71 8 81
84 32 81
114 56 81
148 164 81
157 104 81
177 132 81
140 180 77
147 172 77
176 124 77
207 228 77
208 236 77
229 260 77
230 276 77
237 284 77
72 8 73
83 32 73
86 40 73
112 48 73
113 56 73
158 104 73
205 220 73
141 180 69
146 172 69
175 124 69
206 228 69
209 236 69
228 260 69
231 276 69
236 284 69
73 8 65
82 32 65
110 56 65
159 104 65
178 140 65
204 212 65
87 40 63
111 48 63
142 180 61
145 172 61
179 132 61
180 124 61
210 236 61
211 228 61
227 260 61
232 276 61
235 284 61
74 8 57
75 16 57
81 32 57
109 56 57
174 104 57
203 204 57
143 180 53
144 172 53
181 124 53
212 228 53
213 236 53
226 260 53
233 276 53
234 284 53
88 40 51
108 48 51
76 8 49
80 32 49
106 72 49
107 56 49
160 104 49
173 88 49
202 196 49
78 24 45
182 124 45
198 172 45
199 180 45
214 236 45
215 228 45
225 260 45
89 44 43
77 8 41
79 32 41
103 56 41
104 64 41
105 72 41
161 104 41
172 80 41
201 188 41
183 124 37
197 172 37
200 180 37
216 228 37
217 236 37
224 260 37
90 44 35
102 56 33
162 104 33
184 124 29
195 180 29
196 172 29
218 236 29
219 228 29
223 260 29
91 44 27
92 32 25
93 24 25
94 16 25
101 56 25
163 104 25
169 72 25
170 80 25
171 80 25
192 156 25
168 64 21
185 132 21
186 124 21
193 172 21
194 180 21
220 228 21
221 236 21
222 252 21
95 16 17
96 24 17
97 32 17
100 56 17
164 104 17
98 44 11
99 56 9
165 92 9
166 80 9
167 72 9
187 120 9
188 128 9
189 136 9
190 148 9
191 162 9
