2 270 133
278 260 129
277 252 125
247 260 109
242 280 109
241 288 109
240 284 101
239 284 93
243 276 101
244 276 93
238 284 85
237 284 77
236 284 69
235 284 61
234 284 53
233 276 53
232 276 61
231 276 69
230 276 77
245 276 85
246 268 97
222 252 21
223 260 29
224 260 37
225 260 45
226 260 53
227 260 61
228 260 69
229 260 77
250 260 85
249 260 93
248 252 101
254 236 93
251 236 85
208 236 77
209 236 69
210 236 61
213 236 53
214 236 45
217 236 37
218 236 29
221 236 21
220 228 21
219 228 29
216 228 37
215 228 45
212 228 53
211 228 61
206 228 69
203 204 57
204 212 65
205 220 73
207 228 77
252 228 85
253 228 93
255 236 101
256 228 101
257 228 109
258 228 117
259 228 125
260 220 125
261 212 117
262 204 109
263 196 101
264 188 93
139 180 85
265 180 93
266 180 101
267 180 109
268 180 117
269 180 125
133 172 125
134 172 117
135 172 109
136 172 101
137 172 93
138 172 85
140 180 77
141 180 69
142 180 61
143 180 53
199 180 45
202 196 49
201 188 41
200 180 37
195 180 29
194 180 21
193 172 21
196 172 29
197 172 37
198 172 45
144 172 53
145 172 61
146 172 69
147 172 77
148 164 81
149 148 85
177 132 81
178 140 65
179 132 61
185 132 21
192 156 25
191 162 9
190 148 9
189 136 9
188 128 9
187 120 9
186 124 21
184 124 29
183 124 37
182 124 45
181 124 53
180 124 61
175 124 69
176 124 77
150 124 85
151 124 93
155 124 101
152 124 109
154 124 117
153 124 125
122 104 129
121 104 121
120 104 113
119 104 105
118 104 97
156 104 89
157 104 81
158 104 73
159 104 65
174 104 57
160 104 49
161 104 41
162 104 33
163 104 25
164 104 17
165 92 9
173 88 49
172 80 41
106 72 49
105 72 41
104 64 41
171 80 25
170 80 25
169 72 25
168 64 21
166 80 9
167 72 9
99 56 9
98 44 11
100 56 17
101 56 25
102 56 33
103 56 41
107 56 49
108 48 51
109 56 57
111 48 63
110 56 65
112 48 73
113 56 73
114 56 81
115 48 83
116 56 89
117 56 97
61 48 99
60 56 105
59 56 113
58 40 113
67 16 109
68 8 109
69 8 97
70 8 89
71 8 81
72 8 73
73 8 65
74 8 57
76 8 49
77 8 41
75 16 57
66 16 97
65 24 89
84 32 81
83 32 73
82 32 65
81 32 57
80 32 49
78 24 45
79 32 41
93 24 25
94 16 25
95 16 17
96 24 17
97 32 17
92 32 25
91 44 27
90 44 35
89 44 43
88 40 51
87 40 63
86 40 73
85 40 83
64 32 89
63 32 97
62 40 99
57 32 113
56 32 121
55 32 129
43 40 121
44 40 129
54 32 137
53 32 145
52 32 153
51 32 161
50 32 169
49 40 169
48 40 161
47 40 153
46 40 145
45 40 137
42 56 121
41 56 129
40 56 137
39 56 145
38 56 153
37 56 161
36 56 169
35 64 165
34 64 157
33 80 157
32 90 165
31 104 169
27 124 169
26 132 169
25 140 169
21 148 169
24 156 169
22 164 169
23 172 169
28 116 161
30 104 161
29 104 153
123 104 137
124 104 145
125 116 145
126 124 145
128 132 137
129 140 137
127 132 145
20 140 145
130 148 137
131 156 137
19 148 145
18 156 145
132 164 137
17 164 145
16 172 145
15 188 145
270 196 145
271 204 145
272 212 145
273 220 145
274 228 145
14 196 161
13 188 169
12 196 169
11 204 169
10 212 169
9 220 169
8 228 161
7 228 169
6 236 169
5 246 157
4 256 157
275 236 145
276 246 141
3 256 141
280 280 133
279 280 133
1 288 129
2 270 133
